129,3
129,2
129,1
129,0
128,3
128,2
128,1
128,0
127,4
127,3
127,2
127,1
127,0
126,3
126,2
126,1
126,0
125,3
125,2
125,1
125,0
124,4
124,3
124,2
124,1
124,0
123,3
123,2
123,1
123,0
122,4
122,3
122,2
122,1
122,0
121,3
121,2
121,1
121,0
120,4
120,3
120,2
120,1
120,0
119,4
119,3
119,2
119,1
119,0
118,3
118,2
118,1
118,0
117,2
117,0
116,4
116,2
116,0
115,3
115,2
115,1
115,0
113,4
113,3
113,2
113,1
113,0
111,4
111,3
111,2
111,1
111,0
109,4
109,3
109,2
109,1
109,0
108,4
108,2
108,0
63,3
63,2
63,1
63,0
29,2
16,3
16,2
16,1
16,0
15,3
15,2
15,1
15,0
14,4
14,3
14,2
14,1
14,0
13,3
13,2
13,1
13,0
11,4
11,3
11,2
11,1
11,0
9,4
9,3
9,2
9,1
9,0
7,4
7,3
7,2
7,1
7,0
6,4
6,3
6,2
6,1
6,0
5,3
5,2
5,1
5,0
4,3
4,2
4,1
4,0
3,6
3,5
3,4
3,3
3,2
3,1
3,0
2,2
2,0
1,2
1,0
0,408
0,407
0,322
0,243
0,0
116,1
116,3
117,1
117,3
108,1
108,3
29,1
29,3
1,1
1,3
2,1
2,3
0,9
0,310
0,305
0,308
0,304
0,303
0,302
0,307
0,12
0,10
0,8
0,406
0,300
0,405
0,299
0,404
0,298
0,403
0,297
0,402
0,296
0,401
0,295
0,400
0,294
0,399
0,293
0,435
0,292
0,434
0,291
0,398
0,290
0,397
0,289
0,396
0,288
0,425
0,287
0,395
0,286
0,394
0,285
0,393
0,284
0,392
0,283
0,391
0,282
0,423
0,281
0,422
0,280
0,424
0,279
0,420
0,278
0,419
0,277
0,421
0,276
0,418
0,275
0,417
0,274
0,390
0,273
0,389
0,272
0,388
0,271
0,387
0,270
0,386
0,269
0,385
0,268
0,384
0,267
0,383
0,266
0,382
0,265
0,381
0,264
0,380
0,263
0,379
0,262
0,378
0,261
0,433
0,260
0,432
0,259
0,377
0,258
0,376
0,257
0,375
0,256
0,374
0,255
0,373
0,254
0,372
0,253
0,416
0,252
0,371
0,251
0,370
0,250
0,369
0,249
0,368
0,248
0,367
0,247
0,415
0,246
0,414
0,245
0,366
0,244
0,365
0,242
0,364
0,241
0,363
0,240
0,362
0,239
0,361
0,238
0,360
0,237
0,359
0,236
0,413
0,235
0,412
0,234
0,358
0,233
0,357
0,232
0,431
0,231
0,356
0,230
0,355
0,229
0,354
0,228
0,353
0,227
0,352
0,226
0,430
0,225
0,224
0,351
0,223
0,350
0,222
0,349
0,221
0,348
0,220
0,347
0,219
0,346
0,218
0,345
0,217
0,344
0,216
0,429
0,215
0,214
0,343
0,213
0,342
0,212
0,428
0,211
0,341
0,210
0,340
0,209
0,339
0,208
0,338
0,207
0,337
0,206
0,427
0,205
0,426
0,204
0,336
0,203
0,335
0,202
0,334
0,201
0,333
0,200
0,332
0,199
0,331
0,198
0,330
0,197
0,329
0,196
0,328
0,195
0,327
0,194
0,411
0,193
0,410
0,192
0,326
0,63
0,325
0,62
0,324
0,61
0,323
0,60
0,321
0,59
0,320
0,58
0,319
0,57
0,318
0,56
0,409
0,55
0,436
0,54
0,317
0,53
0,316
0,52
0,315
0,51
0,314
0,50
0,313
0,49
0,312
0,48
0,311
0,47
0,309
0,46
0,306
0,45
0,301
0,6
0,5
0,1
0,11
0,4
0,2
0,3
0,7
